[gd_scene load_steps=27 format=3 uid="uid://ccjru1onq2k2c"]

[ext_resource type="PackedScene" uid="uid://mb58xbunfaep" path="res://icons/weapon_ui.tscn" id="1_3u7h6"]
[ext_resource type="Sky" uid="uid://jonn5eom7asv" path="res://Environment/sky/blue_sky.tres" id="2_4bjxn"]
[ext_resource type="PackedScene" uid="uid://ciqrpd5675boy" path="res://Player/Player.tscn" id="2_q87gh"]
[ext_resource type="PackedScene" uid="uid://7j15r0ej4fwx" path="res://JumpingPad/JumpingPad.tscn" id="3_w2mh2"]
[ext_resource type="PackedScene" uid="uid://b602ttibxesgm" path="res://Level/Terrain.glb" id="4_vprlf"]
[ext_resource type="NavigationMesh" uid="uid://d1ombvi6qufpk" path="res://Level/Main_navmesh.res" id="5_n4asa"]
[ext_resource type="Material" uid="uid://c5trc4hy86utg" path="res://Environment/Terrain/terrain_mat.tres" id="5_xal68"]
[ext_resource type="Material" uid="uid://con3572kpt8a3" path="res://Environment/large_tree_trunk/large_tree_trunk_mat.tres" id="6_q3y6j"]
[ext_resource type="PackedScene" uid="uid://dr8slkof1nc8r" path="res://Environment/trees/tree.tscn" id="7_rvx5i"]
[ext_resource type="Shader" path="res://Environment/water/water_shader.gdshader" id="8_trepf"]
[ext_resource type="Texture2D" uid="uid://ssrlnj65d4bs" path="res://Environment/water/textures/caustic_texture.png" id="9_8eqnd"]
[ext_resource type="Script" path="res://Level/DeathPlane.gd" id="9_i1hvo"]
[ext_resource type="PackedScene" uid="uid://dx8qkjcbt8emp" path="res://Environment/grass/GrassChunk.tscn" id="10_8c06q"]
[ext_resource type="PackedScene" uid="uid://cn8o7sv1osssk" path="res://Environment/bushes/bush.tscn" id="11_f8df7"]
[ext_resource type="PackedScene" uid="uid://cmwyiep10m4u4" path="res://Box/Box.tscn" id="12_xvr0j"]
[ext_resource type="PackedScene" uid="uid://rn45gytkk6tv" path="res://Enemies/BeeBot.tscn" id="13_012dc"]
[ext_resource type="PackedScene" uid="uid://oxyn25v5khuk" path="res://Enemies/Beetle.tscn" id="14_tmmem"]
[ext_resource type="PackedScene" uid="uid://bi31qtqv1sf2s" path="res://Environment/flowers/flower_patch.tscn" id="15_jqya0"]
[ext_resource type="PackedScene" uid="uid://cnj0t3ad178q6" path="res://DemoPage/DemoPage.tscn" id="16_qr75n"]
[ext_resource type="AudioStream" uid="uid://bveh08m6w5ryf" path="res://Level/Music/mountain.mp3" id="17_mil5a"]

[sub_resource type="Environment" id="Environment_allox"]
background_mode = 2
background_color = Color(0.8, 0.913725, 1, 1)
sky = ExtResource("2_4bjxn")
ambient_light_source = 3
reflected_light_source = 2
tonemap_mode = 2
tonemap_exposure = 0.9
tonemap_white = 1.2
ssao_enabled = true
sdfgi_use_occlusion = true
glow_enabled = true
volumetric_fog_enabled = true
volumetric_fog_density = 0.005
volumetric_fog_emission = Color(1, 1, 1, 1)

[sub_resource type="FastNoiseLite" id="FastNoiseLite_le7wx"]
fractal_type = 0

[sub_resource type="NoiseTexture2D" id="NoiseTexture2D_71o0d"]
seamless = true
noise = SubResource("FastNoiseLite_le7wx")

[sub_resource type="ShaderMaterial" id="ShaderMaterial_ylhgr"]
render_priority = -1
shader = ExtResource("8_trepf")
shader_parameter/water_color = Color(0.133333, 0.490196, 0.823529, 1)
shader_parameter/water_depth_color = Color(0.164706, 0.537255, 0.901961, 1)
shader_parameter/water_edge_distance = 0.4
shader_parameter/water_depth_distance = 8.0
shader_parameter/water_texture_scale = 40.0
shader_parameter/main_noise_sampler = SubResource("NoiseTexture2D_71o0d")
shader_parameter/caustic_sampler = ExtResource("9_8eqnd")

[sub_resource type="PlaneMesh" id="PlaneMesh_eflel"]
size = Vector2(300, 300)
subdivide_width = 30
subdivide_depth = 30

[sub_resource type="BoxShape3D" id="BoxShape3D_gym67"]
size = Vector3(130, 6, 130)

[node name="Playground" type="Node3D"]

[node name="weapon_switch_ui" parent="." instance=ExtResource("1_3u7h6")]
anchors_preset = 2
anchor_left = 0.0
anchor_top = 1.0
anchor_right = 0.0
anchor_bottom = 1.0
offset_left = 32.0
offset_top = -92.0
offset_right = 192.0
offset_bottom = -24.0
grow_horizontal = 1
grow_vertical = 0

[node name="WorldEnvironment" type="WorldEnvironment" parent="."]
environment = SubResource("Environment_allox")

[node name="DirectionalLight3d" type="DirectionalLight3D" parent="."]
transform = Transform3D(-0.866025, -0.433013, 0.25, 0, 0.5, 0.866025, -0.5, 0.75, -0.433013, 0, 0, 0)
light_color = Color(1, 0.952941, 0.929412, 1)
light_energy = 1.5
shadow_enabled = true

[node name="Player" parent="." instance=ExtResource("2_q87gh")]
transform = Transform3D(1, 0, 0, 0, 1, 0, 0, 0, 1, -3.298, 0.5, -13.017)

[node name="JumpingPad" parent="." instance=ExtResource("3_w2mh2")]
transform = Transform3D(0.893364, 0, 0.449335, 0, 1, 0, -0.449335, 0, 0.893364, -35.1316, 6.60685, 19.929)

[node name="JumpingPad2" parent="." instance=ExtResource("3_w2mh2")]
transform = Transform3D(0.893364, 0, 0.449335, 0, 1, 0, -0.449335, 0, 0.893364, -44.5883, 13.3676, 9.57254)

[node name="JumpingPad3" parent="." instance=ExtResource("3_w2mh2")]
transform = Transform3D(0.823187, 0, -0.567772, 0, 1, 0, 0.567772, 0, 0.823187, -43.7, 19.0958, 1.42115)

[node name="NavigationRegion3D" type="NavigationRegion3D" parent="."]
navigation_mesh = ExtResource("5_n4asa")
metadata/_edit_lock_ = true

[node name="terrain_main_ground" parent="NavigationRegion3D" instance=ExtResource("4_vprlf")]

[node name="Plane" parent="NavigationRegion3D/terrain_main_ground" index="0"]
material_override = ExtResource("5_xal68")

[node name="large_trunk" parent="NavigationRegion3D/terrain_main_ground" index="1"]
material_override = ExtResource("6_q3y6j")

[node name="StaticBody3D" parent="NavigationRegion3D/terrain_main_ground/large_trunk" index="0"]
collision_layer = 3
collision_mask = 3

[node name="large_trunk_001" parent="NavigationRegion3D/terrain_main_ground" index="2"]
material_override = ExtResource("6_q3y6j")

[node name="StaticBody3D" parent="NavigationRegion3D/terrain_main_ground/large_trunk_001" index="0"]
collision_layer = 3
collision_mask = 3

[node name="large_trunk_002" parent="NavigationRegion3D/terrain_main_ground" index="3"]
material_override = ExtResource("6_q3y6j")

[node name="StaticBody3D" parent="NavigationRegion3D/terrain_main_ground/large_trunk_002" index="0"]
collision_layer = 3
collision_mask = 3

[node name="large_trunk_003" parent="NavigationRegion3D/terrain_main_ground" index="4"]
material_override = ExtResource("6_q3y6j")

[node name="StaticBody3D" parent="NavigationRegion3D/terrain_main_ground/large_trunk_003" index="0"]
collision_layer = 3
collision_mask = 3

[node name="terrain" parent="NavigationRegion3D/terrain_main_ground" index="5"]
material_override = ExtResource("5_xal68")

[node name="StaticBody3D" parent="NavigationRegion3D/terrain_main_ground/terrain" index="0"]
collision_layer = 3
collision_mask = 3

[node name="large_trunk_004" parent="NavigationRegion3D/terrain_main_ground" index="6"]
material_override = ExtResource("6_q3y6j")

[node name="StaticBody3D" parent="NavigationRegion3D/terrain_main_ground/large_trunk_004" index="0"]
collision_layer = 3
collision_mask = 3

[node name="large_trunk_005" parent="NavigationRegion3D/terrain_main_ground" index="7"]
material_override = ExtResource("6_q3y6j")

[node name="StaticBody3D" parent="NavigationRegion3D/terrain_main_ground/large_trunk_005" index="0"]
collision_layer = 3
collision_mask = 3

[node name="large_trunk_006" parent="NavigationRegion3D/terrain_main_ground" index="8"]
material_override = ExtResource("6_q3y6j")

[node name="StaticBody3D" parent="NavigationRegion3D/terrain_main_ground/large_trunk_006" index="0"]
collision_layer = 3
collision_mask = 3

[node name="large_trunk_007" parent="NavigationRegion3D/terrain_main_ground" index="9"]
material_override = ExtResource("6_q3y6j")

[node name="StaticBody3D" parent="NavigationRegion3D/terrain_main_ground/large_trunk_007" index="0"]
collision_layer = 3
collision_mask = 3

[node name="Trees" type="Node3D" parent="NavigationRegion3D"]

[node name="Tree1Geo" parent="NavigationRegion3D/Trees" instance=ExtResource("7_rvx5i")]
transform = Transform3D(0.237162, 0, 1.56006, 0, 1.57798, 0, -1.56006, 0, 0.237162, 1.32415, 0.5, -3.43875)
skeleton = NodePath("../../..")

[node name="Tree1Geo5" parent="NavigationRegion3D/Trees" instance=ExtResource("7_rvx5i")]
transform = Transform3D(-2.32032, 0, -1.11186, 0, 2.2976, 0, 1.11186, 0, -2.32032, -3.61803, 0.5, -0.636436)
skeleton = NodePath("../../..")

[node name="Tree1Geo6" parent="NavigationRegion3D/Trees" instance=ExtResource("7_rvx5i")]
transform = Transform3D(-1.11738, 0, -1.11422, 0, 1.57798, 0, 1.11422, 0, -1.11738, 11.526, 12.44, 0.170918)
skeleton = NodePath("../../..")

[node name="Tree1Geo11" parent="NavigationRegion3D/Trees" instance=ExtResource("7_rvx5i")]
transform = Transform3D(1.54779, 0, 0.307202, 0, 1.57798, 0, -0.307202, 0, 1.54779, -5.27404, 12.44, 14.4709)
skeleton = NodePath("../../..")

[node name="Tree1Geo12" parent="NavigationRegion3D/Trees" instance=ExtResource("7_rvx5i")]
transform = Transform3D(1.97016, 0, 0.391031, 0, 1.94428, 0, -0.391031, 0, 1.97016, -1.64044, 12.44, 12.0847)
skeleton = NodePath("../../..")

[node name="Tree1Geo18" parent="NavigationRegion3D/Trees" instance=ExtResource("7_rvx5i")]
transform = Transform3D(2.4606, 0, 2.04995, 0, 2.67393, 0, -2.04995, 0, 2.4606, -30.3401, 20.1608, 31.0639)
skeleton = NodePath("../../..")

[node name="Tree1Geo30" parent="NavigationRegion3D/Trees" instance=ExtResource("7_rvx5i")]
transform = Transform3D(-2.40107, 2.26067e-08, 3.22586, -5.27342e-08, 3.15929, -7.51225e-08, -3.22586, -6.84726e-08, -2.40107, -40.1657, 20.1608, 38.7457)
skeleton = NodePath("../../..")

[node name="Tree1Geo19" parent="NavigationRegion3D/Trees" instance=ExtResource("7_rvx5i")]
transform = Transform3D(2.3023, 0, 1.91807, 0, 2.62333, 0, -1.91807, 0, 2.3023, -27.5743, 20.1608, 25.8917)
skeleton = NodePath("../../..")

[node name="Tree1Geo20" parent="NavigationRegion3D/Trees" instance=ExtResource("7_rvx5i")]
transform = Transform3D(-3.13954, 0, 0.1896, 0, 2.80504, 0, -0.1896, 0, -3.13954, -18.4425, 20.1608, 30.431)
skeleton = NodePath("../../..")

[node name="Tree1Geo29" parent="NavigationRegion3D/Trees" instance=ExtResource("7_rvx5i")]
transform = Transform3D(0.124459, 0, 3.48393, 0, 3.09226, 0, -3.48393, 0, 0.124459, -31.1614, 20.1608, 37.6778)
skeleton = NodePath("../../..")

[node name="Tree1Geo21" parent="NavigationRegion3D/Trees" instance=ExtResource("7_rvx5i")]
transform = Transform3D(-2.99115, 0, 0.180641, 0, 2.62333, 0, -0.180641, 0, -2.99115, -24.0011, 20.1608, 32.3029)
skeleton = NodePath("../../..")

[node name="Tree1Geo22" parent="NavigationRegion3D/Trees" instance=ExtResource("7_rvx5i")]
transform = Transform3D(2.33182, 0, 0.323652, 0, 2.1291, 0, -0.323652, 0, 2.33182, -21.5517, 20.1608, 26.0668)
skeleton = NodePath("../../..")

[node name="Tree1Geo28" parent="NavigationRegion3D/Trees" instance=ExtResource("7_rvx5i")]
transform = Transform3D(2.33182, 0, 0.323652, 0, 2.1291, 0, -0.323652, 0, 2.33182, -41.8625, 20.1608, 31.4403)
skeleton = NodePath("../../..")

[node name="Tree1Geo26" parent="NavigationRegion3D/Trees" instance=ExtResource("7_rvx5i")]
transform = Transform3D(1.82851, 0, 0.253794, 0, 1.72169, 0, -0.253794, 0, 1.82851, -33.8762, 20.1608, 26.9542)
skeleton = NodePath("../../..")

[node name="Tree1Geo23" parent="NavigationRegion3D/Trees" instance=ExtResource("7_rvx5i")]
transform = Transform3D(2.96814, 0, 0.411969, 0, 2.62333, 0, -0.411969, 0, 2.96814, -16.4706, 20.1608, 23.1369)
skeleton = NodePath("../../..")

[node name="Tree1Geo27" parent="NavigationRegion3D/Trees" instance=ExtResource("7_rvx5i")]
transform = Transform3D(2.96814, 0, 0.411969, 0, 2.62333, 0, -0.411969, 0, 2.96814, -35.7461, 20.1608, 31.419)
skeleton = NodePath("../../..")

[node name="Tree1Geo24" parent="NavigationRegion3D/Trees" instance=ExtResource("7_rvx5i")]
transform = Transform3D(2.05619, 0, 1.14639, 0, 2.1291, 0, -1.14639, 0, 2.05619, -13.0593, 20.1608, 28.4159)
skeleton = NodePath("../../..")

[node name="Tree1Geo25" parent="NavigationRegion3D/Trees" instance=ExtResource("7_rvx5i")]
transform = Transform3D(2.6173, 0, 1.45922, 0, 2.62333, 0, -1.45922, 0, 2.6173, -9.38475, 20.1608, 23.8443)
skeleton = NodePath("../../..")

[node name="Tree1Geo13" parent="NavigationRegion3D/Trees" instance=ExtResource("7_rvx5i")]
transform = Transform3D(0.833685, 0, 1.16637, 0, 1.47089, 0, -1.16637, 0, 0.833685, 8.39262, 12.44, 3.29896)
skeleton = NodePath("../../..")

[node name="Tree1Geo7" parent="NavigationRegion3D/Trees" instance=ExtResource("7_rvx5i")]
transform = Transform3D(2.5271, 0, -0.483624, 0, 2.2976, 0, 0.483624, 0, 2.5271, 17.1664, 12.44, 0.851777)
skeleton = NodePath("../../..")

[node name="Tree1Geo8" parent="NavigationRegion3D/Trees" instance=ExtResource("7_rvx5i")]
transform = Transform3D(1.40758, 8.36131e-08, 1.8459, -9.97595e-08, 2.13728, -3.81333e-08, -1.8459, -5.17484e-08, 1.40758, 13.8582, 12.44, -4.35457)
skeleton = NodePath("../../..")

[node name="Tree1Geo9" parent="NavigationRegion3D/Trees" instance=ExtResource("7_rvx5i")]
transform = Transform3D(2.09797, 0, -0.4015, 0, 1.96417, 0, 0.4015, 0, 2.09797, 22.6208, 12.44, 0.745172)
skeleton = NodePath("../../..")

[node name="Tree1Geo10" parent="NavigationRegion3D/Trees" instance=ExtResource("7_rvx5i")]
transform = Transform3D(1.12129, 7.14793e-08, 1.47046, -7.94692e-08, 1.82712, -3.03774e-08, -1.47046, -4.42388e-08, 1.12129, 19.7927, 12.44, -3.70564)
skeleton = NodePath("../../..")

[node name="Tree1Geo2" parent="NavigationRegion3D/Trees" instance=ExtResource("7_rvx5i")]
transform = Transform3D(0.237162, 0, 1.56006, 0, 1.57798, 0, -1.56006, 0, 0.237162, 7.93394, 0.5, -10.5838)
skeleton = NodePath("../../..")

[node name="Tree1Geo3" parent="NavigationRegion3D/Trees" instance=ExtResource("7_rvx5i")]
transform = Transform3D(0.350357, 0, 2.30465, 0, 2.23926, 0, -2.30465, 0, 0.350357, -10.3752, 0.5, -8.97505)
skeleton = NodePath("../../..")

[node name="Tree1Geo31" parent="NavigationRegion3D/Trees" instance=ExtResource("7_rvx5i")]
transform = Transform3D(0.350357, 0, 2.30465, 0, 2.23926, 0, -2.30465, 0, 0.350357, -16.3411, -0.105803, -47.1024)
skeleton = NodePath("../../..")

[node name="Tree1Geo50" parent="NavigationRegion3D/Trees" instance=ExtResource("7_rvx5i")]
transform = Transform3D(0.350357, 0, 2.30465, 0, 2.23926, 0, -2.30465, 0, 0.350357, -3.7375, -0.105803, -52.6325)
skeleton = NodePath("../../..")

[node name="Tree1Geo38" parent="NavigationRegion3D/Trees" instance=ExtResource("7_rvx5i")]
transform = Transform3D(0.402512, 0, 2.64772, 0, 2.53194, 0, -2.64772, 0, 0.402512, -29.0891, -0.105803, -46.745)
skeleton = NodePath("../../..")

[node name="Tree1Geo39" parent="NavigationRegion3D/Trees" instance=ExtResource("7_rvx5i")]
transform = Transform3D(0.402512, 0, 2.64772, 0, 2.53194, 0, -2.64772, 0, 0.402512, -37.5481, -0.105803, -44.8387)
skeleton = NodePath("../../..")

[node name="Tree1Geo40" parent="NavigationRegion3D/Trees" instance=ExtResource("7_rvx5i")]
transform = Transform3D(-1.63232, 5.35022e-08, -2.1232, 2.08544e-07, 2.53194, -8.89452e-08, 2.1232, -2.07558e-07, -1.63232, -41.718, -0.105803, -49.0682)
skeleton = NodePath("../../..")

[node name="Tree1Geo32" parent="NavigationRegion3D/Trees" instance=ExtResource("7_rvx5i")]
transform = Transform3D(-2.65641, 0, 1.85424, 0, 2.86598, 0, -1.85424, 0, -2.65641, -21.5237, -0.105803, -49.6043)
skeleton = NodePath("../../..")

[node name="Tree1Geo33" parent="NavigationRegion3D/Trees" instance=ExtResource("7_rvx5i")]
transform = Transform3D(-0.304196, 1.20374e-07, -3.73431, 2.56971e-07, 3.1882, 1.20995e-07, 3.73431, -2.09586e-07, -0.304196, -27.6594, -0.105803, -53.1786)
skeleton = NodePath("../../..")

[node name="Tree1Geo34" parent="NavigationRegion3D/Trees" instance=ExtResource("7_rvx5i")]
transform = Transform3D(-2.65641, 0, 1.85424, 0, 2.86598, 0, -1.85424, 0, -2.65641, -35.344, -0.105803, -51.0936)
skeleton = NodePath("../../..")

[node name="Tree1Geo35" parent="NavigationRegion3D/Trees" instance=ExtResource("7_rvx5i")]
transform = Transform3D(-2.65641, 0, 1.85424, 0, 2.86598, 0, -1.85424, 0, -2.65641, -14.7327, -0.105803, -54.0126)
skeleton = NodePath("../../..")

[node name="Tree1Geo36" parent="NavigationRegion3D/Trees" instance=ExtResource("7_rvx5i")]
transform = Transform3D(-2.65641, 0, 1.85424, 0, 2.86598, 0, -1.85424, 0, -2.65641, -7.64382, -0.105803, -56.9315)
skeleton = NodePath("../../..")

[node name="Tree1Geo37" parent="NavigationRegion3D/Trees" instance=ExtResource("7_rvx5i")]
transform = Transform3D(-2.65641, 0, 1.85424, 0, 2.86598, 0, -1.85424, 0, -2.65641, -9.6692, -0.105803, -49.2469)
skeleton = NodePath("../../..")

[node name="Tree1Geo41" parent="NavigationRegion3D/Trees" instance=ExtResource("7_rvx5i")]
transform = Transform3D(3.23283, 0, 0.20866, 0, 2.86598, 0, -0.20866, 0, 3.23283, 7.23532, -0.105803, -76.5913)
skeleton = NodePath("../../..")

[node name="Tree1Geo42" parent="NavigationRegion3D/Trees" instance=ExtResource("7_rvx5i")]
transform = Transform3D(3.23283, 0, 0.20866, 0, 2.86598, 0, -0.20866, 0, 3.23283, 3.51736, -0.105803, -69.8869)
skeleton = NodePath("../../..")

[node name="Tree1Geo43" parent="NavigationRegion3D/Trees" instance=ExtResource("7_rvx5i")]
transform = Transform3D(3.23283, 0, 0.20866, 0, 2.86598, 0, -0.20866, 0, 3.23283, 0.304853, -0.105803, -77.1556)
skeleton = NodePath("../../..")

[node name="Tree1Geo44" parent="NavigationRegion3D/Trees" instance=ExtResource("7_rvx5i")]
transform = Transform3D(3.23283, 0, 0.20866, 0, 2.86598, 0, -0.20866, 0, 3.23283, 16.3123, -0.105803, -70.1077)
skeleton = NodePath("../../..")

[node name="Tree1Geo45" parent="NavigationRegion3D/Trees" instance=ExtResource("7_rvx5i")]
transform = Transform3D(3.23283, 0, 0.20866, 0, 2.86598, 0, -0.20866, 0, 3.23283, 12.5944, -0.105803, -63.4033)
skeleton = NodePath("../../..")

[node name="Tree1Geo46" parent="NavigationRegion3D/Trees" instance=ExtResource("7_rvx5i")]
transform = Transform3D(3.23283, 0, 0.20866, 0, 2.86598, 0, -0.20866, 0, 3.23283, 9.38186, -0.105803, -70.6721)
skeleton = NodePath("../../..")

[node name="Tree1Geo47" parent="NavigationRegion3D/Trees" instance=ExtResource("7_rvx5i")]
transform = Transform3D(3.85003, 0, 0.248497, 0, 3.38104, 0, -0.248497, 0, 3.85003, 6.98172, -0.105803, -64.5593)
skeleton = NodePath("../../..")

[node name="Tree1Geo48" parent="NavigationRegion3D/Trees" instance=ExtResource("7_rvx5i")]
transform = Transform3D(3.85003, 0, 0.248497, 0, 3.38104, 0, -0.248497, 0, 3.85003, 2.59558, -0.105803, -56.65)
skeleton = NodePath("../../..")

[node name="Tree1Geo49" parent="NavigationRegion3D/Trees" instance=ExtResource("7_rvx5i")]
transform = Transform3D(3.85003, 0, 0.248497, 0, 3.38104, 0, -0.248497, 0, 3.85003, -1.19425, -0.105803, -65.225)
skeleton = NodePath("../../..")

[node name="Tree1Geo14" parent="NavigationRegion3D/Trees" instance=ExtResource("7_rvx5i")]
transform = Transform3D(-1.83506, 0.0265728, 2.1901, 0.0543187, 2.68699, 0.00865862, -2.18961, 0.0443876, -1.83526, -40.597, 6.7, -2.56236)
skeleton = NodePath("../../..")

[node name="Tree1Geo15" parent="NavigationRegion3D/Trees" instance=ExtResource("7_rvx5i")]
transform = Transform3D(-3.47562, 0, 0.661251, 0, 3.2307, 0, -0.661251, 0, -3.47562, -46.7359, 6.7, -3.08057)
skeleton = NodePath("../../..")

[node name="Tree1Geo17" parent="NavigationRegion3D/Trees" instance=ExtResource("7_rvx5i")]
transform = Transform3D(-2.80648, 0, 0.533945, 0, 2.69876, 0, -0.533945, 0, -2.80648, -30.5081, 6.7, 8.73083)
skeleton = NodePath("../../..")

[node name="Tree1Geo16" parent="NavigationRegion3D/Trees" instance=ExtResource("7_rvx5i")]
transform = Transform3D(-1.2559, 1.11131e-07, -2.38131, 1.26085e-07, 2.65905, 6.0709e-08, 2.38131, -8.21803e-08, -1.2559, -42.0321, 6.7, -7.3459)
skeleton = NodePath("../../..")

[node name="Tree1Geo4" parent="NavigationRegion3D/Trees" instance=ExtResource("7_rvx5i")]
transform = Transform3D(1.40533, -0.0623495, 0.86904, -0.0185807, 1.6057, 0.151182, -0.871191, -0.134823, 1.39863, -9.40334, 0.5, -13.2136)
skeleton = NodePath("../../..")

[node name="Water" type="MeshInstance3D" parent="."]
transform = Transform3D(1, 0, 0, 0, 1, 0, 0, 0, 1, -13.12, -2, 7.71762)
material_override = SubResource("ShaderMaterial_ylhgr")
mesh = SubResource("PlaneMesh_eflel")

[node name="DeathPlane" type="Area3D" parent="."]
transform = Transform3D(1, 0, 0, 0, 1, 0, 0, 0, 1, 0, -5, 0)
script = ExtResource("9_i1hvo")

[node name="CollisionShape3D" type="CollisionShape3D" parent="DeathPlane"]
shape = SubResource("BoxShape3D_gym67")

[node name="Grass" type="Node3D" parent="."]

[node name="grass_chunk_scene" parent="Grass" instance=ExtResource("10_8c06q")]
transform = Transform3D(0.948556, -1.38394e-08, -0.316609, 1.38394e-08, 1, -2.24869e-09, 0.316609, -2.24869e-09, 0.948556, 2.34687, 0.5, -13.06)
skeleton = NodePath("../..")

[node name="grass_chunk_scene2" parent="Grass" instance=ExtResource("10_8c06q")]
transform = Transform3D(0.948556, -1.38394e-08, -0.316609, 1.38394e-08, 1, -2.24869e-09, 0.316609, -2.24869e-09, 0.948556, 2.12788, 0.5, -13.9155)
skeleton = NodePath("../..")

[node name="grass_chunk_scene3" parent="Grass" instance=ExtResource("10_8c06q")]
transform = Transform3D(0.973143, 1.00625e-08, 0.230203, -1.00625e-08, 1, -1.17397e-09, -0.230203, -1.17397e-09, 0.973143, 1.36213, 0.5, -13.1986)
skeleton = NodePath("../..")

[node name="grass_chunk_scene4" parent="Grass" instance=ExtResource("10_8c06q")]
transform = Transform3D(0.973143, 1.00625e-08, 0.230203, -1.00625e-08, 1, -1.17397e-09, -0.230203, -1.17397e-09, 0.973143, 1.36913, 0.5, -14.2492)
skeleton = NodePath("../..")

[node name="grass_chunk_scene5" parent="Grass" instance=ExtResource("10_8c06q")]
transform = Transform3D(0.216559, -4.26741e-08, -0.97627, 4.26741e-08, 1, -3.42453e-08, 0.97627, -3.42453e-08, 0.216559, 0.652629, 0.5, -14.5588)
skeleton = NodePath("../..")

[node name="grass_chunk_scene6" parent="Grass" instance=ExtResource("10_8c06q")]
transform = Transform3D(0.216559, -4.26741e-08, -0.97627, 4.26741e-08, 1, -3.42453e-08, 0.97627, -3.42453e-08, 0.216559, 1.27351, 0.5, -15.1867)
skeleton = NodePath("../..")

[node name="grass_chunk_scene7" parent="Grass" instance=ExtResource("10_8c06q")]
transform = Transform3D(0.698091, -3.12978e-08, -0.71601, 3.12978e-08, 1, -1.31969e-08, 0.71601, -1.31969e-08, 0.698091, 0.264793, 0.5, -15.4745)
skeleton = NodePath("../..")

[node name="grass_chunk_scene8" parent="Grass" instance=ExtResource("10_8c06q")]
transform = Transform3D(0.698091, -3.12978e-08, -0.71601, 3.12978e-08, 1, -1.31969e-08, 0.71601, -1.31969e-08, 0.698091, 1.16926, 0.5, -16.009)
skeleton = NodePath("../..")

[node name="grass_chunk_scene25" parent="Grass" instance=ExtResource("10_8c06q")]
transform = Transform3D(-0.206221, 4.23095e-08, 0.978505, 4.26741e-08, 1, -3.42453e-08, -0.978505, 3.46947e-08, -0.206221, 2.12823, 0.5, -16.4868)
skeleton = NodePath("../..")

[node name="grass_chunk_scene26" parent="Grass" instance=ExtResource("10_8c06q")]
transform = Transform3D(-0.690479, 3.11565e-08, 0.723353, 3.12978e-08, 1, -1.31969e-08, -0.723353, 1.35272e-08, -0.690479, 2.22378, 0.5, -15.6635)
skeleton = NodePath("../..")

[node name="grass_chunk_scene27" parent="Grass" instance=ExtResource("10_8c06q")]
transform = Transform3D(-0.177969, 3.65131e-08, 0.84445, 3.68278e-08, 0.863, -2.95537e-08, -0.84445, 2.99416e-08, -0.177969, 0.125076, 0.5, -17.2793)
skeleton = NodePath("../..")

[node name="grass_chunk_scene28" parent="Grass" instance=ExtResource("10_8c06q")]
transform = Transform3D(-0.690479, 3.11565e-08, 0.723353, 3.12978e-08, 1, -1.31969e-08, -0.723353, 1.35272e-08, -0.690479, 0.22063, 0.5, -16.4559)
skeleton = NodePath("../..")

[node name="grass_chunk_scene29" parent="Grass" instance=ExtResource("10_8c06q")]
transform = Transform3D(-0.177969, 3.65131e-08, 0.84445, 3.68278e-08, 0.863, -2.95537e-08, -0.84445, 2.99416e-08, -0.177969, 3.25087, 0.5, -17.6755)
skeleton = NodePath("../..")

[node name="grass_chunk_scene30" parent="Grass" instance=ExtResource("10_8c06q")]
transform = Transform3D(-0.690479, 3.11565e-08, 0.723353, 3.12978e-08, 1, -1.31969e-08, -0.723353, 1.35272e-08, -0.690479, 3.34643, 0.5, -16.8522)
skeleton = NodePath("../..")

[node name="grass_chunk_scene31" parent="Grass" instance=ExtResource("10_8c06q")]
transform = Transform3D(-0.206221, 4.23095e-08, 0.978505, 4.26741e-08, 1, -3.42453e-08, -0.978505, 3.46947e-08, -0.206221, 6.21157, 0.5, -14.1205)
skeleton = NodePath("../..")

[node name="grass_chunk_scene32" parent="Grass" instance=ExtResource("10_8c06q")]
transform = Transform3D(-0.690479, 3.11565e-08, 0.723353, 3.12978e-08, 1, -1.31969e-08, -0.723353, 1.35272e-08, -0.690479, 6.30713, 0.5, -13.2971)
skeleton = NodePath("../..")

[node name="grass_chunk_scene9" parent="Grass" instance=ExtResource("10_8c06q")]
transform = Transform3D(0.948556, -1.38394e-08, -0.316609, 1.38394e-08, 1, -2.24869e-09, 0.316609, -2.24869e-09, 0.948556, 5.28672, 0.5, -13.7661)
skeleton = NodePath("../..")

[node name="grass_chunk_scene10" parent="Grass" instance=ExtResource("10_8c06q")]
transform = Transform3D(0.948556, -1.38394e-08, -0.316609, 1.38394e-08, 1, -2.24869e-09, 0.316609, -2.24869e-09, 0.948556, 5.06773, 0.5, -14.6216)
skeleton = NodePath("../..")

[node name="grass_chunk_scene11" parent="Grass" instance=ExtResource("10_8c06q")]
transform = Transform3D(0.973143, 1.00625e-08, 0.230203, -1.00625e-08, 1, -1.17397e-09, -0.230203, -1.17397e-09, 0.973143, 5.57164, 0.5, -16.7091)
skeleton = NodePath("../..")

[node name="grass_chunk_scene12" parent="Grass" instance=ExtResource("10_8c06q")]
transform = Transform3D(0.973143, 1.00625e-08, 0.230203, -1.00625e-08, 1, -1.17397e-09, -0.230203, -1.17397e-09, 0.973143, 6.25276, 0.5, -15.2392)
skeleton = NodePath("../..")

[node name="grass_chunk_scene13" parent="Grass" instance=ExtResource("10_8c06q")]
transform = Transform3D(0.216559, -4.26741e-08, -0.97627, 4.26741e-08, 1, -3.42453e-08, 0.97627, -3.42453e-08, 0.216559, 5.0452, 0.5, -15.529)
skeleton = NodePath("../..")

[node name="grass_chunk_scene14" parent="Grass" instance=ExtResource("10_8c06q")]
transform = Transform3D(0.216559, -4.26741e-08, -0.97627, 4.26741e-08, 1, -3.42453e-08, 0.97627, -3.42453e-08, 0.216559, 4.21336, 0.5, -15.8928)
skeleton = NodePath("../..")

[node name="grass_chunk_scene15" parent="Grass" instance=ExtResource("10_8c06q")]
transform = Transform3D(0.698091, -3.12978e-08, -0.71601, 3.12978e-08, 1, -1.31969e-08, 0.71601, -1.31969e-08, 0.698091, 3.20464, 0.5, -16.1805)
skeleton = NodePath("../..")

[node name="grass_chunk_scene16" parent="Grass" instance=ExtResource("10_8c06q")]
transform = Transform3D(0.698091, -3.12978e-08, -0.71601, 3.12978e-08, 1, -1.31969e-08, 0.71601, -1.31969e-08, 0.698091, 4.10911, 0.5, -16.7151)
skeleton = NodePath("../..")

[node name="grass_chunk_scene17" parent="Grass" instance=ExtResource("10_8c06q")]
transform = Transform3D(0.948556, -1.38394e-08, -0.316609, 1.38394e-08, 1, -2.24869e-09, 0.316609, -2.24869e-09, 0.948556, 0.498229, 0.5, -13.7918)
skeleton = NodePath("../..")

[node name="grass_chunk_scene18" parent="Grass" instance=ExtResource("10_8c06q")]
transform = Transform3D(0.948556, -1.38394e-08, -0.316609, 1.38394e-08, 1, -2.24869e-09, 0.316609, -2.24869e-09, 0.948556, 0.279243, 0.5, -14.6473)
skeleton = NodePath("../..")

[node name="grass_chunk_scene19" parent="Grass" instance=ExtResource("10_8c06q")]
transform = Transform3D(0.973143, 1.00625e-08, 0.230203, -1.00625e-08, 1, -1.17397e-09, -0.230203, -1.17397e-09, 0.973143, -0.48651, 0.5, -13.9304)
skeleton = NodePath("../..")

[node name="grass_chunk_scene20" parent="Grass" instance=ExtResource("10_8c06q")]
transform = Transform3D(0.973143, 1.00625e-08, 0.230203, -1.00625e-08, 1, -1.17397e-09, -0.230203, -1.17397e-09, 0.973143, -0.479507, 0.5, -14.981)
skeleton = NodePath("../..")

[node name="grass_chunk_scene21" parent="Grass" instance=ExtResource("10_8c06q")]
transform = Transform3D(0.216559, -4.26741e-08, -0.97627, 4.26741e-08, 1, -3.42453e-08, 0.97627, -3.42453e-08, 0.216559, -1.19601, 0.5, -15.2905)
skeleton = NodePath("../..")

[node name="grass_chunk_scene22" parent="Grass" instance=ExtResource("10_8c06q")]
transform = Transform3D(0.216559, -4.26741e-08, -0.97627, 4.26741e-08, 1, -3.42453e-08, 0.97627, -3.42453e-08, 0.216559, -0.575125, 0.5, -15.9184)
skeleton = NodePath("../..")

[node name="grass_chunk_scene23" parent="Grass" instance=ExtResource("10_8c06q")]
transform = Transform3D(0.698091, -3.12978e-08, -0.71601, 3.12978e-08, 1, -1.31969e-08, 0.71601, -1.31969e-08, 0.698091, -1.58385, 0.5, -16.2062)
skeleton = NodePath("../..")

[node name="grass_chunk_scene112" parent="Grass" instance=ExtResource("10_8c06q")]
transform = Transform3D(0.350533, -4.37542e-08, -0.840861, 3.88761e-08, 0.911, -3.11975e-08, 0.840861, -2.38789e-08, 0.350533, -1.7767, 0.5, -14.8809)
skeleton = NodePath("../..")

[node name="grass_chunk_scene114" parent="Grass" instance=ExtResource("10_8c06q")]
transform = Transform3D(0.909891, -3.72895e-08, 0.0449469, 3.88761e-08, 0.911, -3.11975e-08, -0.0449469, 3.30775e-08, 0.909891, -0.757448, 0.5, -12.9125)
skeleton = NodePath("../..")

[node name="grass_chunk_scene119" parent="Grass" instance=ExtResource("10_8c06q")]
transform = Transform3D(0.740707, -3.01815e-08, -0.530353, 2.85123e-08, 0.911, -1.20224e-08, 0.530353, -6.82383e-09, 0.740707, -1.63874, 0.5, -13.803)
skeleton = NodePath("../..")

[node name="grass_chunk_scene152" parent="Grass" instance=ExtResource("10_8c06q")]
transform = Transform3D(0.461006, -5.00622e-08, -0.887398, 4.26741e-08, 1, -3.42453e-08, 0.887398, -2.20816e-08, 0.461006, -4.10177, 0.5, -13.4517)
skeleton = NodePath("../..")

[node name="grass_chunk_scene153" parent="Grass" instance=ExtResource("10_8c06q")]
transform = Transform3D(0.85913, -3.36425e-08, -0.511758, 3.12978e-08, 1, -1.31969e-08, 0.511758, -4.67906e-09, 0.85913, -4.71264, 0.5, -14.2364)
skeleton = NodePath("../..")

[node name="grass_chunk_scene154" parent="Grass" instance=ExtResource("10_8c06q")]
transform = Transform3D(0.85913, -3.36425e-08, -0.511758, 3.12978e-08, 1, -1.31969e-08, 0.511758, -4.67906e-09, 0.85913, -3.87369, 0.5, -12.3892)
skeleton = NodePath("../..")

[node name="grass_chunk_scene155" parent="Grass" instance=ExtResource("10_8c06q")]
transform = Transform3D(0.534636, -5.5992e-08, -1.02913, 4.94899e-08, 1.11845, -3.97149e-08, 1.02913, -2.46971e-08, 0.534636, -5.16547, 0.5, -12.9748)
skeleton = NodePath("../..")

[node name="grass_chunk_scene156" parent="Grass" instance=ExtResource("10_8c06q")]
transform = Transform3D(0.998636, -3.76274e-08, -0.594858, 3.63799e-08, 1.11845, -1.53398e-08, 0.594858, -5.23327e-09, 0.998636, -5.8487, 0.5, -13.8525)
skeleton = NodePath("../..")

[node name="grass_chunk_scene157" parent="Grass" instance=ExtResource("10_8c06q")]
transform = Transform3D(0.998636, -3.76274e-08, -0.594858, 3.63799e-08, 1.11845, -1.53398e-08, 0.594858, -5.23327e-09, 0.998636, -4.91038, 0.5, -11.7865)
skeleton = NodePath("../..")

[node name="grass_chunk_scene144" parent="Grass" instance=ExtResource("10_8c06q")]
transform = Transform3D(-0.722569, 5.45087e-08, 0.691299, 4.26741e-08, 1, -3.42453e-08, -0.691299, 4.75596e-09, -0.722569, 0.493456, 0.5, -12.8866)
skeleton = NodePath("../..")

[node name="grass_chunk_scene145" parent="Grass" instance=ExtResource("10_8c06q")]
transform = Transform3D(-0.978271, 3.33539e-08, 0.207331, 3.12978e-08, 1, -1.31969e-08, -0.207331, -6.42112e-09, -0.978271, 1.32476, 0.5, -12.3409)
skeleton = NodePath("../..")

[node name="grass_chunk_scene24" parent="Grass" instance=ExtResource("10_8c06q")]
transform = Transform3D(0.698091, -3.12978e-08, -0.71601, 3.12978e-08, 1, -1.31969e-08, 0.71601, -1.31969e-08, 0.698091, -0.679382, 0.5, -16.7407)
skeleton = NodePath("../..")

[node name="grass_chunk_scene33" parent="Grass" instance=ExtResource("10_8c06q")]
transform = Transform3D(0.698091, -3.12978e-08, -0.71601, 3.12978e-08, 1, -1.31969e-08, 0.71601, -1.31969e-08, 0.698091, -9.26371, 0.5, -10.7696)
skeleton = NodePath("../..")

[node name="grass_chunk_scene34" parent="Grass" instance=ExtResource("10_8c06q")]
transform = Transform3D(0.948556, -1.38394e-08, -0.316609, 1.38394e-08, 1, -2.24869e-09, 0.316609, -2.24869e-09, 0.948556, -9.03027, 0.5, -9.08694)
skeleton = NodePath("../..")

[node name="grass_chunk_scene35" parent="Grass" instance=ExtResource("10_8c06q")]
transform = Transform3D(0.948556, -1.38394e-08, -0.316609, 1.38394e-08, 1, -2.24869e-09, 0.316609, -2.24869e-09, 0.948556, -9.24926, 0.5, -9.94242)
skeleton = NodePath("../..")

[node name="grass_chunk_scene36" parent="Grass" instance=ExtResource("10_8c06q")]
transform = Transform3D(0.973143, 1.00625e-08, 0.230203, -1.00625e-08, 1, -1.17397e-09, -0.230203, -1.17397e-09, 0.973143, -10.015, 0.5, -9.22552)
skeleton = NodePath("../..")

[node name="grass_chunk_scene37" parent="Grass" instance=ExtResource("10_8c06q")]
transform = Transform3D(0.973143, 1.00625e-08, 0.230203, -1.00625e-08, 1, -1.17397e-09, -0.230203, -1.17397e-09, 0.973143, -10.008, 0.5, -10.2761)
skeleton = NodePath("../..")

[node name="grass_chunk_scene38" parent="Grass" instance=ExtResource("10_8c06q")]
transform = Transform3D(0.216559, -4.26741e-08, -0.97627, 4.26741e-08, 1, -3.42453e-08, 0.97627, -3.42453e-08, 0.216559, -10.7245, 0.5, -10.5857)
skeleton = NodePath("../..")

[node name="grass_chunk_scene39" parent="Grass" instance=ExtResource("10_8c06q")]
transform = Transform3D(0.216559, -4.26741e-08, -0.97627, 4.26741e-08, 1, -3.42453e-08, 0.97627, -3.42453e-08, 0.216559, -10.1036, 0.5, -11.2136)
skeleton = NodePath("../..")

[node name="grass_chunk_scene40" parent="Grass" instance=ExtResource("10_8c06q")]
transform = Transform3D(0.698091, -3.12978e-08, -0.71601, 3.12978e-08, 1, -1.31969e-08, 0.71601, -1.31969e-08, 0.698091, -10.2079, 0.5, -12.0359)
skeleton = NodePath("../..")

[node name="grass_chunk_scene41" parent="Grass" instance=ExtResource("10_8c06q")]
transform = Transform3D(0.698091, -3.12978e-08, -0.71601, 3.12978e-08, 1, -1.31969e-08, 0.71601, -1.31969e-08, 0.698091, -7.82621, 0.5, -11.7579)
skeleton = NodePath("../..")

[node name="grass_chunk_scene42" parent="Grass" instance=ExtResource("10_8c06q")]
transform = Transform3D(0.948556, -1.38394e-08, -0.316609, 1.38394e-08, 1, -2.24869e-09, 0.316609, -2.24869e-09, 0.948556, -7.59277, 0.5, -10.0752)
skeleton = NodePath("../..")

[node name="grass_chunk_scene43" parent="Grass" instance=ExtResource("10_8c06q")]
transform = Transform3D(0.948556, -1.38394e-08, -0.316609, 1.38394e-08, 1, -2.24869e-09, 0.316609, -2.24869e-09, 0.948556, -7.81176, 0.5, -10.9307)
skeleton = NodePath("../..")

[node name="grass_chunk_scene44" parent="Grass" instance=ExtResource("10_8c06q")]
transform = Transform3D(0.973143, 1.00625e-08, 0.230203, -1.00625e-08, 1, -1.17397e-09, -0.230203, -1.17397e-09, 0.973143, -8.57751, 0.5, -10.2138)
skeleton = NodePath("../..")

[node name="grass_chunk_scene45" parent="Grass" instance=ExtResource("10_8c06q")]
transform = Transform3D(0.973143, 1.00625e-08, 0.230203, -1.00625e-08, 1, -1.17397e-09, -0.230203, -1.17397e-09, 0.973143, -8.57051, 0.5, -11.2644)
skeleton = NodePath("../..")

[node name="grass_chunk_scene46" parent="Grass" instance=ExtResource("10_8c06q")]
transform = Transform3D(0.216559, -4.26741e-08, -0.97627, 4.26741e-08, 1, -3.42453e-08, 0.97627, -3.42453e-08, 0.216559, -9.28701, 0.5, -11.5739)
skeleton = NodePath("../..")

[node name="grass_chunk_scene47" parent="Grass" instance=ExtResource("10_8c06q")]
transform = Transform3D(0.216559, -4.26741e-08, -0.97627, 4.26741e-08, 1, -3.42453e-08, 0.97627, -3.42453e-08, 0.216559, -8.66612, 0.5, -12.2019)
skeleton = NodePath("../..")

[node name="grass_chunk_scene48" parent="Grass" instance=ExtResource("10_8c06q")]
transform = Transform3D(0.698091, -3.12978e-08, -0.71601, 3.12978e-08, 1, -1.31969e-08, 0.71601, -1.31969e-08, 0.698091, -8.77038, 0.5, -13.0242)
skeleton = NodePath("../..")

[node name="grass_chunk_scene49" parent="Grass" instance=ExtResource("10_8c06q")]
transform = Transform3D(0.698091, -3.12978e-08, -0.71601, 3.12978e-08, 1, -1.31969e-08, 0.71601, -1.31969e-08, 0.698091, -6.37373, 0.5, -12.7312)
skeleton = NodePath("../..")

[node name="grass_chunk_scene50" parent="Grass" instance=ExtResource("10_8c06q")]
transform = Transform3D(0.769279, -1.12238e-08, -0.25677, 1.12238e-08, 0.811, -1.82369e-09, 0.25677, -1.82369e-09, 0.769279, -6.14029, 0.5, -11.0485)
skeleton = NodePath("../..")

[node name="grass_chunk_scene51" parent="Grass" instance=ExtResource("10_8c06q")]
transform = Transform3D(0.948556, -1.38394e-08, -0.316609, 1.38394e-08, 1, -2.24869e-09, 0.316609, -2.24869e-09, 0.948556, -6.35928, 0.5, -11.904)
skeleton = NodePath("../..")

[node name="grass_chunk_scene52" parent="Grass" instance=ExtResource("10_8c06q")]
transform = Transform3D(0.973143, 1.00625e-08, 0.230203, -1.00625e-08, 1, -1.17397e-09, -0.230203, -1.17397e-09, 0.973143, -7.12503, 0.5, -11.1871)
skeleton = NodePath("../..")

[node name="grass_chunk_scene53" parent="Grass" instance=ExtResource("10_8c06q")]
transform = Transform3D(0.973143, 1.00625e-08, 0.230203, -1.00625e-08, 1, -1.17397e-09, -0.230203, -1.17397e-09, 0.973143, -7.11803, 0.5, -12.2377)
skeleton = NodePath("../..")

[node name="grass_chunk_scene54" parent="Grass" instance=ExtResource("10_8c06q")]
transform = Transform3D(0.216559, -4.26741e-08, -0.97627, 4.26741e-08, 1, -3.42453e-08, 0.97627, -3.42453e-08, 0.216559, -7.83453, 0.5, -12.5473)
skeleton = NodePath("../..")

[node name="grass_chunk_scene55" parent="Grass" instance=ExtResource("10_8c06q")]
transform = Transform3D(0.216559, -4.26741e-08, -0.97627, 4.26741e-08, 1, -3.42453e-08, 0.97627, -3.42453e-08, 0.216559, -7.21364, 0.5, -13.1752)
skeleton = NodePath("../..")

[node name="grass_chunk_scene56" parent="Grass" instance=ExtResource("10_8c06q")]
transform = Transform3D(0.698091, -3.12978e-08, -0.71601, 3.12978e-08, 1, -1.31969e-08, 0.71601, -1.31969e-08, 0.698091, -7.3179, 0.5, -13.9975)
skeleton = NodePath("../..")

[node name="grass_chunk_scene57" parent="Grass" instance=ExtResource("10_8c06q")]
transform = Transform3D(0.53905, -2.79865e-08, -0.842274, 3.12978e-08, 1, -1.31969e-08, 0.842274, -1.92475e-08, 0.53905, -7.38714, 0.5, -7.96803)
skeleton = NodePath("../..")

[node name="grass_chunk_scene58" parent="Grass" instance=ExtResource("10_8c06q")]
transform = Transform3D(0.865038, -1.30998e-08, -0.501707, 1.38394e-08, 1, -2.24869e-09, 0.501707, -4.99814e-09, 0.865038, -7.49845, 0.5, -6.2729)
skeleton = NodePath("../..")

[node name="grass_chunk_scene59" parent="Grass" instance=ExtResource("10_8c06q")]
transform = Transform3D(0.865038, -1.30998e-08, -0.501707, 1.38394e-08, 1, -2.24869e-09, 0.501707, -4.99814e-09, 0.865038, -7.5401, 0.5, -7.15498)
skeleton = NodePath("../..")

[node name="grass_chunk_scene60" parent="Grass" instance=ExtResource("10_8c06q")]
transform = Transform3D(0.999583, 1.00922e-08, 0.0288638, -1.00625e-08, 1, -1.17397e-09, -0.0288638, 8.83041e-10, 0.999583, -8.43489, 0.5, -6.60755)
skeleton = NodePath("../..")

[node name="grass_chunk_scene61" parent="Grass" instance=ExtResource("10_8c06q")]
transform = Transform3D(0.999583, 1.00922e-08, 0.0288638, -1.00625e-08, 1, -1.17397e-09, -0.0288638, 8.83041e-10, 0.999583, -8.21579, 0.5, -7.63507)
skeleton = NodePath("../..")

[node name="grass_chunk_scene62" parent="Grass" instance=ExtResource("10_8c06q")]
transform = Transform3D(0.0148697, -3.48761e-08, -0.999889, 4.26741e-08, 1, -3.42453e-08, 0.999889, -4.21602e-08, 0.0148697, -8.85499, 0.5, -8.08299)
skeleton = NodePath("../..")

[node name="grass_chunk_scene63" parent="Grass" instance=ExtResource("10_8c06q")]
transform = Transform3D(0.0148697, -3.48761e-08, -0.999889, 4.26741e-08, 1, -3.42453e-08, 0.999889, -4.21602e-08, 0.0148697, -8.12005, 0.5, -8.57254)
skeleton = NodePath("../..")

[node name="grass_chunk_scene64" parent="Grass" instance=ExtResource("10_8c06q")]
transform = Transform3D(0.53905, -2.79865e-08, -0.842274, 3.12978e-08, 1, -1.31969e-08, 0.842274, -1.92475e-08, 0.53905, -8.05604, 0.5, -9.39895)
skeleton = NodePath("../..")

[node name="grass_chunk_scene65" parent="Grass" instance=ExtResource("10_8c06q")]
